,id0000.id.txt,id0001.id.txt,id0002.id.txt,id0003.id.txt,id0004.id.txt,id0005.id.txt,id0006.id.txt,id0007.id.txt,id0008.id.txt,id0009.id.txt,id0010.id.txt,id0011.id.txt,id0012.id.txt,id0013.id.txt,id0014.id.txt,id0015.id.txt,id0016.id.txt,id0017.id.txt,id0018.id.txt,id0019.id.txt,id0020.id.txt,id0021.id.txt,id0022.id.txt,id0023.id.txt,id0024.id.txt,id0025.id.txt,id0026.id.txt,id0027.id.txt,id0028.id.txt,id0029.id.txt,id0030.id.txt,id0031.id.txt,id0032.id.txt,id0033.id.txt,id0034.id.txt,id0035.id.txt,id0036.id.txt,id0037.id.txt,id0038.id.txt,id0039.id.txt,id0040.id.txt,id0041.id.txt,id0042.id.txt,id0043.id.txt,id0044.id.txt,id0045.id.txt,id0046.id.txt,id0047.id.txt,id0048.id.txt,id0049.id.txt,id0050.id.txt,id0051.id.txt,id0052.id.txt,id0053.id.txt,id0054.id.txt,id0055.id.txt,id0056.id.txt,id0057.id.txt,id0058.id.txt,id0059.id.txt,id0060.id.txt,id0061.id.txt,id0062.id.txt,id0063.id.txt,id0064.id.txt,id0065.id.txt,id0066.id.txt,id0067.id.txt,id0068.id.txt,id0069.id.txt,id0070.id.txt,id0071.id.txt,id0072.id.txt,id0073.id.txt,id0074.id.txt,id0075.id.txt,id0076.id.txt,id0077.id.txt,id0078.id.txt,id0079.id.txt,id0080.id.txt,id0081.id.txt,id0082.id.txt,id0083.id.txt,id0084.id.txt,id0085.id.txt,id0086.id.txt,id0087.id.txt,id0088.id.txt,id0089.id.txt,id0090.id.txt,id0091.id.txt,id0092.id.txt,id0093.id.txt,id0094.id.txt,id0095.id.txt,id0096.id.txt,id0097.id.txt,id0098.id.txt,id0099.id.txt
id0000.id.txt,0.0,5628180.358054225,10480416.065076888,7284021.3827800965,3428567.8674849146,7887120.511672992,26597243.645127952,10540056.094926694,4483162.622434519,5211103.689763065,10961826.660489297,7497867.062939269,7477847.085526822,6499941.805950545,13109706.353417227,9739457.45762527,8499621.40454216,6901772.43159907,9450490.93582551,7265115.319267007,18321684.849889044,6517667.463182803,2632039.796060623,3469181.9515115046,10718961.532091806,6171192.685946545,22040240.785345573,7543864.427854668,8784691.096180882,4889751.221936814,7029301.974180305,6955047.599369057,15584064.968727944,7191525.53973529,5838300.179260294,5591101.271981063,5237359.769493718,5868444.779542724,5785644.100024926,5024331.9437499,3597405.2015572498,6365613.605546265,13855586.960551862,3910778.574459337,21974796.954986263,5587953.085253751,10557448.321684785,8313944.827860917,13033299.153889457,6256228.1277163355,7463936.059205687,5537907.377788681,5445001.996686355,8318903.421549481,6707401.365720749,3263719.5844810554,16193885.355545005,6219537.292476884,19255309.278545383,6050887.502235043,15011313.959598783,5141242.447947208,10158151.094306517,5586943.102787636,14013125.13750541,8527631.522010282,8011712.98109129,4762196.893338949,12875666.841374848,5389518.940328157,8741264.731722802,8746429.057584448,10019208.716989106,9070458.023172569,7028789.656822489,5062367.525314811,5361392.562128411,7035218.162937672,17698937.480266873,16672060.76680311,33652761.61759033,4621191.754609375,10128760.02126834,7562687.469564025,8316217.41921311,5728893.40936348,20676194.585521925,7721927.369793956,15310289.497670997,3088394.425626669,8428123.123522209,6144913.898410513,9815509.439544702,14995350.43596688,13502253.101649478,5085586.061654033,21197892.20876091,5874059.755069031,8872602.583292754,4780699.681139759
id0001.id.txt,5628180.358054225,0.0,5180663.498629302,1660541.019355285,4637009.164905122,1649050.8771503572,16408870.7632979,2718879.644114958,7185403.959423424,996812.6337339566,3963756.290883624,2118556.986358989,8774734.283088746,2150654.747502589,7238692.375130279,3775869.489521976,5581903.401849437,1861828.2997545223,4387052.232840234,1473199.0649764272,11235160.063714048,2288270.288634731,3582215.190543508,2594113.850324839,3154385.038467441,560537.0788223195,13411010.360112658,2451426.102090447,5004046.184890281,2349194.5090268967,5602831.462491177,1780340.3514986068,7072194.1648787735,2180431.562015317,5132968.903941503,1597589.143969002,5150953.130603595,2680283.917204654,3442662.515286782,1621414.75440146,8135792.840274769,3680882.7254902995,8397388.847109517,1594155.3194962232,12595556.410852408,3685728.474871357,7260167.002870901,1774334.5506502558,7357789.664055482,1892724.2956006425,4066817.0343447076,1082206.1722280716,4414392.769774477,1709665.328015883,3563666.303594617,3186751.213051448,14481257.139815237,836149.1564013459,16826696.263456646,2970109.9698848915,8443049.810611067,1595472.5912087488,4384302.056902933,1307768.210735625,8025981.531175142,2869363.73451413,4146706.996594104,1434828.0874021482,7383340.710817473,1076244.7746726964,5906929.266922312,2674282.936660922,6976464.836336403,7152370.130757605,3904954.7797441916,952398.5908641058,3504078.587650545,2628432.573289916,9945105.683438184,11237948.898510875,29744701.539934408,1587767.8932093692,5368793.714724619,1545985.926774412,4696864.345617193,1681747.0395024142,13984467.648254085,3756492.3037959402,9080098.228270765,1516572.6292845737,4787982.165729854,1662361.0860730743,4010550.3260587174,7171403.881484096,4882445.713222015,2154381.9198487788,11982364.332026826,1353987.1140204638,4533996.708517944,1616809.6293955885
id0002.id.txt,10480416.065076888,5180663.498629302,0.0,3982948.9868262694,10273188.385908289,4106157.44437937,11616186.59009178,6956355.227188292,8135416.462217335,5913359.037461291,3072505.0368625955,4104925.866724992,9260959.236781843,7341350.469093218,5786632.781174521,9178440.35257775,6672279.750372077,6875272.772004182,5262583.15291328,3574307.4865034246,4900272.005253157,5747824.251286157,8686748.648722053,8654544.637409532,6384622.252465633,4289436.169041903,8470375.281674154,10862274.358386673,3422832.5731625096,5176038.088805652,10908729.84164124,5176514.087356401,10181782.79102937,7606114.646839897,5324422.53802692,6901381.0064041065,8773127.589632919,11073516.934681851,6668074.18991914,5748304.05435351,12783378.967869772,3455037.6229286897,5081539.84540194,5950142.002310926,9794754.073468963,7235029.742288956,8225006.598618451,8068874.44619606,5823366.697057412,6932717.153928842,5501667.249383963,4815788.527684496,6616884.79149383,3536566.6000247747,3982317.2692108853,10086905.114258675,10095680.775091046,4602841.683878476,12741435.319523938,8208514.970734678,13769801.69436075,3820877.114398189,5275479.909013581,7352124.076177936,5598283.798344819,8575187.50536851,7639868.085151201,5964543.730903153,4649914.990494597,5553629.992754022,3729567.3896629177,6201588.1969982395,3889136.631471071,15993765.263327627,5522971.024578778,5018772.927596746,6078437.439670538,11019199.670268072,15783314.156456169,21072218.713904746,21712654.360387657,6005635.865963769,4259732.780572573,4969398.225529712,4468676.859790749,3250603.4531129585,6441099.777917272,9665915.469100803,6249247.801459777,6678152.934237205,6011936.525259004,8354128.44577221,4870225.86807112,11668248.594026113,3859064.4870664114,3768181.861983649,6449915.972167325,6421352.141193104,2805995.0534324655,4823538.982451024
id0003.id.txt,7284021.3827800965,1660541.019355285,3982948.9868262694,0.0,6494060.181645777,2109227.0959396884,13114751.0256332,3251119.39971736,8598616.321398836,1718271.256631239,3407409.832122386,1423847.4619839652,10087755.723575894,2585018.3545146505,5382522.050219461,5194756.834565263,5320670.072827252,1506063.0576988833,4499722.6947764205,1836915.3722032697,8703219.136631789,2131429.9277333934,4824147.187456843,4160250.893320551,4128851.2339224573,1229300.359402592,10932407.110460488,5545155.620158122,3774467.0312874806,3316776.5645892816,5572245.725050634,1971301.4797971898,8655150.590423977,3531816.722850681,6814110.895761934,2103413.409287218,6545569.4229228515,4772881.955177809,4615169.212383354,2259248.468418644,9327562.319789464,3429185.3602599874,6247595.428849551,1787969.5587932596,8800120.659744598,4856160.110509689,7209326.227776549,3150435.717258743,6802339.467738727,2711557.877106699,4962679.804562873,1983816.4837911264,4714757.765433771,1695720.2396052298,5674390.342440285,5356994.952035573,12152410.67144295,1457584.5987827019,15338820.428441988,2092713.9323861278,9920828.981701622,2303711.116125576,5873428.387041792,2083647.8415101767,6630970.044964778,3715720.251795005,3897376.032183087,1476372.8181044483,6611116.96587951,1747151.2822767468,5695265.914575316,3001211.0990542686,4494494.335779324,9182630.740471397,3800981.4499056605,1845389.7957256837,5153346.684474353,5394649.175754082,11369880.67016023,13388149.736362224,27069070.19516666,1803466.757626432,5009475.004518198,1709738.649744066,4598562.277241471,1740817.4740510765,11119611.450801302,3848134.100362898,6500648.999250492,2708558.1877884767,4459204.798087953,2892993.0577982846,4425788.447682015,6648925.410890336,4639096.880391963,2495925.049016003,8930624.966958372,1690563.3552894471,3418065.2711074194,1458097.634712218
id0004.id.txt,3428567.8674849146,4637009.164905122,10273188.385908289,6494060.181645777,0.0,6135830.503604411,20680617.987505887,10207175.064503282,3471760.4656487475,4201884.723004139,8521115.551062316,5801727.883123465,7357506.048028563,4901048.790833964,10402122.348325988,10028356.291948657,5983776.708246593,5820087.501850924,7338424.149695129,7254510.430638222,13776711.491589509,6174796.0608837,3245690.855292296,3786907.379172734,8157971.757532196,4762500.966212865,15956388.071328722,8585587.747501748,7845983.134454092,4973893.7377107125,5473710.600243645,7538285.011964448,13411262.829065803,7128620.407320984,3917215.575620356,5352853.1632077,4079232.2176235826,5625144.281935468,3635303.191626393,3592311.6954963156,3132318.3708886956,5320038.3505492145,10683924.886441011,3657174.473570849,16454945.954091337,5717532.264244181,10454064.254670516,8894379.911324989,10472321.094493924,6609975.055213208,5828335.266111624,5225619.073420628,5931578.552149072,6043359.601053027,5282359.832309825,4105510.4983519665,12774371.513186269,4396059.656807873,16280750.17021551,5612014.384199699,12897476.972455412,5528348.526372174,8852367.738716587,5707768.305820309,10504093.8681447,8698177.617384532,7442082.40359441,4393303.968888426,10225156.556853121,4130090.2392472844,7669667.9961433895,8600437.482233373,9609324.85612821,11726112.532886317,6201207.243153428,4359128.794568165,2975658.5242766924,7647539.553304924,15216373.93999342,18400221.19446067,30057891.367960017,4339578.869511037,6636988.819773354,6008262.377085657,6336688.985695556,5535680.112221747,16278944.5013214,7869787.901855696,12068739.4356414,4572204.796172213,4930741.804360086,5688837.233090751,6641765.26505485,14588933.198700115,10598790.473534644,3960550.0757044675,16356547.898568923,5845300.994004867,6796624.101179961,3958358.1142984834
id0005.id.txt,7887120.511672992,1649050.8771503572,4106157.44437937,2109227.0959396884,6135830.503604411,0.0,12228555.513790173,3723304.570607673,7909546.405938773,1920627.5191638474,2803385.9482710417,2417429.1175618097,8003056.565113331,2961431.7472942336,6803061.790961671,6387087.134271264,7339247.7204880435,2743006.8399789627,5602561.403094847,1920848.9835021968,8288585.672064813,4287582.73281651,6542827.4459954975,3319714.6593351783,5001856.819404145,863723.748811191,9211068.248547314,4976535.5518404925,4297925.9640855715,1904067.6420267292,9114821.404721033,2483903.0594856287,9198963.625107033,3781018.9364023404,5257858.227249728,2483028.4044790575,6014864.600705948,5582860.595413296,5009535.917256188,3502582.4934188467,9871870.44797585,1919198.4351791735,8588031.006190965,3360723.839500186,11564682.619629918,2806503.0697476603,8980498.495626772,3650448.2008626848,4662327.873050302,4153517.858336367,3989015.8859798806,951236.8597656382,5129473.644970528,1296772.5453482661,3375685.348020432,4853864.127557078,12119973.419402437,1297873.702849765,13151869.2212637,4390009.301618693,12124427.126928467,1510584.2692889664,4664944.01676689,3446191.0927658454,6005637.214142741,4534641.253063393,7206707.91755522,2180409.5325381136,5760227.526948152,1689566.9893519834,4010004.8492129655,2239822.419581401,6483432.794427074,11456983.464793295,4774453.585821775,1363171.2681210064,4413073.446966085,5785917.83020825,13568881.417162163,15947483.411371017,23711595.79877711,2446059.863993156,3908070.7218882176,3058255.9660767424,3878660.9883634294,1109409.334494011,9599117.512018962,7067307.003345717,7541032.277148586,2895218.280762778,5637262.520081942,3004805.1088432497,2929979.056363598,9775374.855539452,2663548.0215973696,1320554.1480097787,9417532.635254964,2363699.005408598,4062601.3529854347,1952403.7941968378
id0006.id.txt,26597243.645127952,16408870.7632979,11616186.59009178,13114751.0256332,20680617.987505887,12228555.513790173,0.0,19309648.59677131,19987256.979269248,17659796.23506426,8925577.743291266,13545990.521068653,15181025.559657792,13366385.909338124,17443037.838963788,28911419.65778379,16875272.355747905,15539130.397089358,17665834.12130185,17264420.495477114,9907507.51060776,19869684.36083328,24620543.574190747,19610472.32158759,17585569.28873756,12634368.652610378,2061527.5038955687,28384116.48586437,13930919.40724021,15013671.521462366,22163570.02616684,18630420.227001067,26922206.728414018,24718168.706936374,15669466.334919963,18644929.32021897,15486251.513672207,27560159.411658134,16592929.31625256,19318444.597402256,20434877.315450132,12217318.120433686,8901267.23031805,17258164.367532797,8924222.726388754,15436113.583664568,22363988.5569615,22124343.658141065,10105373.00343157,22876272.668227933,8798558.337718654,15157037.326666776,21675276.304204386,9215392.031097155,14568221.718851112,26470189.410956606,6664335.161094078,12922626.920244869,6283581.93028521,20269027.775180217,33241967.41620743,17155208.462363146,17523413.809449833,21450034.097855646,4952429.511159702,24976006.65981334,23999602.933565382,16460487.29115804,6835339.821890448,16285834.215460835,10224569.473793788,17069458.91139623,12166378.580853315,39841183.76255143,17409978.493665986,16853033.51259883,16189774.016455796,29023040.005502168,34165590.234388344,47193842.93743979,10632435.503065052,15616608.658693833,8766940.154182402,17580907.56064601,9742723.787192905,11829203.684704779,4170469.357186668,27928443.260430127,7265341.190237398,19704031.469429404,11580840.520374993,22872845.049446393,9719778.86167188,29969034.03149374,8505097.224384427,13401823.673739463,8623819.612540815,18970713.54647068,9684573.057564894,13887739.51947704
id0007.id.txt,10540056.094926694,2718879.644114958,6956355.227188292,3251119.39971736,10207175.064503282,3723304.570607673,19309648.59677131,0.0,14717000.786425998,2349190.967879171,4636084.988857873,2635062.9784849663,15102980.930733986,6666488.958729811,6548795.96003969,2515584.106771527,8392225.28089657,2753396.7477526553,4618578.6574623585,1947155.41958196,10788464.360260867,3537963.3785000304,7612637.294292224,6790369.009600232,4346475.940449993,3245498.455123146,17153975.36406161,3492895.8067265335,5194096.949822338,6654421.966513119,9993690.68910639,1743291.1390858304,4329161.4146241285,2025538.083559916,9808353.822666269,2966622.1062231585,10416976.984821605,3865582.2724675774,6580381.390459115,4475995.699960161,14590510.689185007,7949643.402829488,12418755.552087786,5509516.834250921,12790625.910668459,6383043.474246811,5011143.818336759,1078708.7221161632,6645620.728681373,2537768.2976465393,8772716.262810208,2780163.6481762184,4970577.814249211,4157471.4038477573,7864395.36410736,5995453.527908877,22429503.707890898,2724216.0581076313,24010218.83162031,3957320.6972294226,6305052.325491063,3895725.3070901576,3852257.471987831,2156189.476069729,12170559.416487662,1348739.3143573252,4452919.6050235685,4093691.144676767,12234445.09912704,3677378.0398554336,8391992.127989309,1261669.5027009659,7890556.746680818,6507116.868503041,3349279.944036999,2144395.66175976,7713239.740017909,3151015.6084159566,6423690.985718461,7995395.9311778955,38452656.600306354,3337555.9734093985,8919789.36134324,2080236.7905235651,7088229.304739929,4576599.791794974,15918213.471399946,4033012.342622201,9867001.222243918,4210189.479250834,8572324.39834589,2539777.015502995,5697686.111730682,3831050.1540244655,4933817.528120324,4936993.058890203,12606339.816627882,2807093.7219457338,7984582.209097323,3617001.880203755
id0008.id.txt,4483162.622434519,7185403.959423424,8135416.462217335,8598616.321398836,3471760.4656487475,7909546.405938773,19987256.979269248,14717000.786425998,0.0,7986057.131775428,9529147.094279991,8133072.226133527,5345310.863470605,6340259.232877078,12017631.713799385,14398517.278946629,6652666.472726394,9854950.412691124,10174668.267582322,8763310.62801454,14115229.8650928,8716374.241281496,4763917.818373117,5620572.260766208,10844997.496515179,6769284.129607101,14227620.475790467,13068812.267863682,8076765.32499502,4818817.57271032,6698946.557120813,9622206.634487642,18803646.156156283,11171801.056800274,2744482.3579044207,8281326.093188199,4322337.47571452,10774287.700322594,5675804.329183919,5682816.658749738,3849216.9635271737,4759395.954403966,8768131.880207414,5108673.531258639,17913212.504261684,7522505.56964819,14399749.469266225,13451291.549047297,12062176.351314977,9661874.091332678,5434080.7351156,7236442.286430172,7270198.717051024,7243419.738189264,4387987.382262751,6991472.293090981,8500922.298933674,6830809.671574578,12100275.818926936,9404092.14640573,18591601.236774374,6359028.993926002,11830630.380292214,9790673.37287168,8680856.979625914,13519218.653496942,11003583.93659965,6685922.238211466,7640904.892499573,6748063.197226415,6256761.680461315,12283599.341642248,9423166.822729465,16896023.793682296,9568315.180225844,7114052.72841899,4211809.003441904,12368515.598415634,22106658.378157664,26145236.010708608,23111729.197920684,7410809.862323805,6320069.357434412,9187528.234572446,6822968.593048422,5918087.544932992,14106669.477285106,12330925.730569951,12102432.69868952,6994543.08290844,5757446.099455287,10189057.41227769,8444712.87595629,20506299.43134415,12044722.651841873,5060524.462131272,16637361.15656051,8646859.844813306,6137084.140939787,5783001.099665197
id0009.id.txt,5211103.689763065,996812.6337339566,5913359.037461291,1718271.256631239,4201884.723004139,1920627.5191638474,17659796.23506426,2349190.967879171,7986057.131775428,0.0,4589459.618875068,1672724.0155228504,10178730.66923246,3180907.5826552594,5661592.043853491,3186941.470943113,5311769.197624743,1643347.640084141,4247921.784359624,1769426.336242191,10651265.855919253,1940092.3362183764,3616345.3791267597,2883424.5304045845,3714774.973009622,1310955.207397658,14544865.943015872,3062193.337270022,4518549.375023197,3184388.6042939224,6250406.991538203,1606607.9125858466,6004195.147570185,1474677.0216734966,6101325.329847048,1628655.2074658787,5667179.449192562,1813172.7040088642,3105950.167709213,1546505.2364964557,7923661.007129367,3896292.2757026013,9589490.910942199,1877307.874403616,12549009.580073852,3683336.1668835804,6107667.141398882,2112896.1871877657,6534930.396253718,1908053.2698310749,5869011.759940649,1362387.2199522976,3263142.9381640675,2354414.379021047,4757302.348620808,2685446.3090701583,16057380.156502966,1220819.794843999,18922476.018123757,1872352.9094611385,7255012.725832075,1945526.6677340257,4616178.92530855,1058504.590201681,9812950.800269382,1957300.033302144,3456496.3632210507,1352546.787351954,9188338.414802428,905191.0774204567,6163230.984812108,1970803.2328940004,6634717.430710667,6041268.492006437,2775062.24075063,693998.8670809282,3670973.4773954316,2484295.716393871,8658313.12942157,9611943.158911439,32743794.514330406,1146497.5385441903,5885112.035484579,1235663.4250210503,5331231.856985816,2089154.2219506686,14570450.656783922,2956337.7341918503,9161680.724202903,1713717.6091416026,5333572.846984131,1077149.6674856816,4024999.54844327,5862077.02831862,5616974.756357974,1930160.661555528,11915785.370781006,1281448.2685482032,5611429.0894037485,1396530.1058055393
id0010.id.txt,10961826.660489297,3963756.290883624,3072505.0368625955,3407409.832122386,8521115.551062316,2803385.9482710417,8925577.743291266,4636084.988857873,9529147.094279991,4589459.618875068,0.0,2572018.8569380096,10400544.642441845,5166642.239626788,5249163.128965383,8022225.711933912,5698290.244521815,3929537.226530144,3754355.8000765094,3228333.809524548,4151956.105060187,5174021.330306946,9241125.291743455,7681119.161580091,4769958.9623922445,3010747.3767288863,6624185.654888317,9870329.225352896,3144057.511943828,5459647.705100909,8881892.51918737,4353248.008873984,8788102.069093797,6523960.20127351,6172244.277691413,4659008.235617079,8263677.463795551,9552323.175045757,5076661.422387916,4986980.343555037,12215009.63385744,4315364.519679962,5717257.694075085,5475456.429656057,6521770.78426678,6667204.719555046,6818066.075608551,6114733.307901032,3501594.237151221,5930962.384457927,4361397.863049273,3743633.489966028,6849875.451050968,2167794.549285356,5207553.157606762,9509341.155092873,11009877.959928414,2632370.2530330215,12850221.075100534,6562495.065552552,11406250.3124988,4006223.4005094185,4330105.703560963,5663873.1699127285,4273873.710560867,6847714.099262468,6573883.531832094,4465951.724699289,4447797.414050539,4007129.615591269,3909604.073893591,3941832.8852855326,4979391.297657294,15382193.486558115,4216891.607440788,3531548.3135768487,5515700.74869976,9691889.558590073,12065925.544229563,19168179.638790276,24201569.787018735,4548365.956725648,3018386.715610645,3790022.994573079,3115506.2576853666,3609681.208637121,5448910.579446551,9144866.271640463,4351322.855515743,6146534.237413593,4037777.9052307787,6495916.252628451,3546550.7798626097,9869298.661010168,1985540.327896256,3751701.888205071,5000124.708134788,5116611.180282067,3415556.781952874,3212952.139549623
id0011.id.txt,7497867.062939269,2118556.986358989,4104925.866724992,1423847.4619839652,5801727.883123465,2417429.1175618097,13545990.521068653,2635062.9784849663,8133072.226133527,1672724.0155228504,2572018.8569380096,0.0,10127477.828219112,3887523.6435211413,3370273.4101364147,4256788.28679528,3491576.4145323825,1290723.9707036482,3142142.59983648,1797898.539278775,7013390.790165636,1732116.3818276084,5081656.897000524,4839170.54419215,3370270.7857217765,1953668.0203895823,10994526.90904636,6555351.188585036,2600206.036788272,4330791.411015579,5659170.737979081,1492285.1566817854,6461789.888516757,2958415.5348895523,5882602.787129242,2135626.1956125544,5790900.253241821,4534109.441170844,3040511.4980161856,2006573.6622695166,8537771.031268593,3779000.0042427527,6464052.532558411,2381150.757293141,7477105.330422353,5191741.999734264,4649341.962307391,3603778.257242406,4701029.473416632,2123709.67298672,5307857.533301098,2172942.309611229,3456191.3949174187,2035487.1135458518,4832076.268775227,4909663.774297859,12813822.598756965,1104053.375635402,15792638.6306833,1953040.9321196214,7209721.429251043,2917679.096212397,4655244.55753775,2375648.666382822,6446287.179145164,2982201.9723988934,3492303.724153175,1661650.9221212142,7725635.672809818,2002943.7709009952,5306247.448043002,2271041.849225471,3730784.59927153,8614622.703926336,2154795.6931821145,1438534.6003619253,3391915.3630748373,5110099.785491164,9577151.94976044,12254020.849161755,29730345.613929946,1378387.962236395,4803053.818677767,843873.6621904795,3909532.4956360646,2312307.346904899,9843781.977401126,3810910.46736641,5320524.355859831,3499934.3611435746,3560862.1834169165,3011186.6771535757,3357627.7590256403,5559806.507191858,4157161.542768091,2045253.245559688,8769594.479895389,2609973.7058544876,4411935.81927718,926722.8175792553
id0012.id.txt,7477847.085526822,8774734.283088746,9260959.236781843,10087755.723575894,7357506.048028563,8003056.565113331,15181025.559657792,15102980.930733986,5345310.863470605,10178730.66923246,10400544.642441845,10127477.828219112,0.0,8554004.8389391,17572410.966928896,18064334.434755806,12208403.752470776,11533731.744856529,15635035.324555485,10451180.883865666,16460727.271392683,13133217.679755671,8299368.274431228,5456151.52460481,14389041.930774827,7515413.659453422,12935995.415799966,13860341.838295057,9916577.808397671,5510534.719646982,13031535.625940107,10873543.961552614,23055781.418200515,14028303.185082022,5007715.89091081,9852344.15221755,3689842.4043663545,14409639.31609515,8978517.90408535,11381655.060354874,5700062.808650664,4990792.66507382,11521063.20863613,8127002.077488738,21941401.366758075,3948311.522032345,16018897.424851408,14180202.071966862,9026576.504484909,12294412.954160782,4086884.5731908074,6895252.066465441,10837475.70577344,7653358.042268567,4418488.402198999,8117926.824535641,7561083.328983306,7799919.467702436,6443428.062689537,13173484.732054995,26907989.087967165,7710750.453553425,11090433.451791655,13066300.868800784,7687352.099653624,16119364.59899774,16876795.006823115,8736574.873199463,7604540.908390806,9564869.45276482,4545876.792512629,11635573.22317596,10504259.775895575,21783891.52644851,11113296.62295182,8482798.916816289,6866786.216371927,14571600.917668551,30571717.59616404,32834996.656155895,13990649.468462083,7743877.59866199,9308181.701762594,12133595.74658821,4819364.3291882705,5330052.782860563,13243166.78981377,18654537.901162263,12005351.792088266,7209598.020384649,9648439.56809685,12367576.504127624,8387271.978353133,26013580.368594192,9891107.784631465,5242294.529663873,20244633.09585995,10967867.467579689,7463401.378471433,7567737.028344663
id0013.id.txt,6499941.805950545,2150654.747502589,7341350.469093218,2585018.3545146505,4901048.790833964,2961431.7472942336,13366385.909338124,6666488.958729811,6340259.232877078,3180907.5826552594,5166642.239626788,3887523.6435211413,8554004.8389391,0.0,10720105.143527245,9067521.011626005,5832273.0450952565,3139934.38404449,7361030.666299608,4670485.581962857,12828111.652919423,5178962.153994372,5126372.308555198,2890542.34048332,5891191.070539606,1489112.476435634,10426502.59964057,6687026.157253512,8073735.506478997,3028827.669634528,4903779.351818512,4357053.547509904,13837232.372515474,6289813.649605623,6003417.258254982,2754586.676090195,4625496.428330976,6101412.6345783565,4311807.595210494,3063937.375164841,7070924.4021867355,4361690.75801658,8129042.292781461,1844632.8591508293,10794425.778772071,5344733.46229145,13062998.931613501,5270057.685546325,10195628.248433614,4997734.901097187,3470975.1017974406,3072793.227176837,7322337.808641437,2297829.2524323445,5331066.477404011,5883178.282011417,10483101.52385141,1941694.4089409849,12875176.425816279,4264534.169617643,14126237.733108519,3986562.20561889,9390306.759570146,3724200.0973189035,6290202.085902283,7203689.969118061,6727969.8604928125,1875965.554832346,6670012.431970484,2500469.6856367053,7261782.416500034,5817568.746429437,8758016.707308533,13080599.351161836,7540435.87414355,3186982.0591305397,5364058.744182971,6775068.571378505,15406369.412090613,18190113.471840125,24752433.131315272,3043812.7577321045,5652431.193169847,4217232.716758746,6184988.054264293,2597103.509076299,12936477.189610125,6998963.878306761,9145384.44039391,3558920.770952961,3592336.3731582137,4282334.875653286,5710618.8240602715,12730001.573899748,6718767.960445531,3749020.673983002,12039708.511460135,2727696.5962480917,5416027.703317348,2094518.9608278915
id0014.id.txt,13109706.353417227,7238692.375130279,5786632.781174521,5382522.050219461,10402122.348325988,6803061.790961671,17443037.838963788,6548795.96003969,12017631.713799385,5661592.043853491,5249163.128965383,3370273.4101364147,17572410.966928896,10720105.143527245,0.0,6975988.131314118,5765801.013046029,5957577.595765719,3975982.6723414147,5171912.682543869,5437397.669410728,3941277.8270144854,9899458.473236548,12459972.328252511,5299023.969022986,7201543.511013695,13790742.39709061,12627416.916829515,2890553.6062003477,9312809.030790921,9100479.895893596,5685338.627944853,5930769.255568826,6564915.407336042,9576910.292274939,7553381.59086552,11977574.355401143,9098100.781979319,6426748.466202035,5072135.36106471,14286551.970914032,7946231.915372118,7327751.183146341,7674297.346530393,8357480.676570881,12145991.856496438,5048641.957060944,8789769.604708971,7011922.497544012,6382846.8609395595,11674540.431221364,7555102.063755968,4671135.738179173,6319429.98668362,9292810.243884506,11002087.936997533,17220872.916515213,6145493.752304351,22795618.46403453,5684557.177323217,6381729.988313293,6520210.857848392,7216242.8327239575,7180412.830359614,10445409.754428161,6258482.316837119,5192356.041966945,6699005.331286012,9867190.522153955,5731634.407734608,8595478.733243035,6757290.647495597,4515642.628379042,11744811.814064847,4542413.809382949,5991194.260670607,6417803.884975034,10894171.115115315,9097040.706345266,14549407.773826148,36699425.71459063,7077455.18320663,5525336.6008666195,4021048.9618434245,7889723.910676706,7085614.450291555,10649230.15294769,6385984.9846379375,5970304.731751428,9242843.70074121,7180037.276622097,8023923.00479896,5953321.815164792,6066844.153853894,7913139.481503988,6346726.875619072,7352614.331252776,7502631.432031423,6827170.95215862,5566156.0527242655
id0015.id.txt,9739457.45762527,3775869.489521976,9178440.35257775,5194756.834565263,10028356.291948657,6387087.134271264,28911419.65778379,2515584.106771527,14398517.278946629,3186941.470943113,8022225.711933912,4256788.28679528,18064334.434755806,9067521.011626005,6975988.131314118,0.0,8145106.688515805,4359062.497304896,5699868.914593813,2941296.9508413593,15019399.178724246,2586524.058402569,6408330.509633938,7882345.851780762,3979307.6048481143,5591561.615364809,24652922.82878958,3086759.5298044756,7038690.055491873,8733396.523896363,8814708.723348832,2666543.549881236,3478051.367558362,1055795.3918165967,11884499.207680466,3777682.7069923556,11929464.686674776,2777505.0107566426,6542290.430908133,3742484.9233376593,15808329.222786257,9973631.927537711,15289377.787175907,5508728.265588834,17477514.10012745,9803764.977233449,5395230.578260133,2202228.027744517,11186417.38942756,1562499.4407437597,13111091.35864357,4860540.215918688,5380486.878717751,7371951.396110217,9212791.96629463,4723688.039161337,27850205.932369553,4828847.698472073,31895408.207623504,4430611.644923187,3724854.6050375155,4634498.127844083,5474464.003815411,2079960.9686937819,17414135.24834338,1024882.4643659116,2711875.1004394214,4765435.608564206,16559708.082236888,4146536.6201657034,12428345.809459211,3900185.767856295,10760455.277056808,2798323.755017394,4714699.830541054,3301933.121771792,7795837.397154883,1786163.5418924806,4903991.951652874,3297599.0297729643,49256758.052981146,4876094.506582024,12297611.293769808,2196486.3798709908,10279840.50620752,6920859.11387964,22470860.704174276,2260662.065606497,14751191.792764295,4870743.06454665,10500730.244398864,2438992.3244679198,9673551.631321954,2275291.6221341593,9738648.848280061,6631537.045321315,16842011.516893882,3899643.328119952,11204355.011797326,5407052.402396817
id0016.id.txt,8499621.40454216,5581903.401849437,6672279.750372077,5320670.072827252,5983776.708246593,7339247.7204880435,16875272.355747905,8392225.28089657,6652666.472726394,5311769.197624743,5698290.244521815,3491576.4145323825,12208403.752470776,5832273.0450952565,5765801.013046029,8145106.688515805,0.0,5877700.927993262,4961636.918413364,6354287.981900954,9669951.566917686,4167366.1481240457,5415618.100552221,8879267.717383076,4446501.023979351,5980317.919511507,12629340.687504452,11788163.172087014,5835346.981817906,8611084.544416497,4536641.384445589,6330100.297053639,9210646.9349179,7031510.919912186,5967732.774969679,6346482.28939939,6106938.790142189,7507848.1994296545,2412131.656284354,3465498.7723901304,8143833.627754859,7666572.785004435,6008957.048652961,4493337.0282925675,7985797.049145057,10815968.855464004,8539444.689733677,9265557.023332216,9309848.702255055,5973153.8918167595,7608905.978243223,7391695.744621752,5879437.905472616,5689235.94260071,5767712.151430373,8632196.85340725,13039647.559679508,4733538.987569324,17913432.615527336,5634978.860131326,8564772.260802468,6890624.855625639,8837650.769505303,6056855.881158235,8907483.999995315,8093509.229295914,4162901.964366303,4923235.478488911,9723624.262703046,5114387.429937814,9196189.731039532,8608650.886304267,7138810.93552429,13090019.71540956,5399848.582709877,5564093.662877455,4676224.180792595,9146010.213798681,11094076.894740842,17064498.88314737,33027757.10855114,5681833.618557201,6624962.567255818,4114587.0296158614,6933274.705590903,6086358.837170477,11955432.419744194,6793530.121335258,7909337.567328754,8012078.640222867,3361612.6215194976,7605107.277160178,6607439.039379522,10574569.558425741,8928069.757924771,5392946.392660038,9135601.27017879,6416135.988196265,6653439.150900365,3779111.887023941
id0017.id.txt,6901772.43159907,1861828.2997545223,6875272.772004182,1506063.0576988833,5820087.501850924,2743006.8399789627,15539130.397089358,2753396.7477526553,9854950.412691124,1643347.640084141,3929537.226530144,1290723.9707036482,11533731.744856529,3139934.38404449,5957577.595765719,4359062.497304896,5877700.927993262,0.0,4356668.460567076,2523977.413929144,10088096.580051465,1866292.638381094,5372132.622410084,4075714.7145717186,4453446.129033546,1852072.8084133863,13567946.156596294,5255937.060867847,4878429.680611451,4173361.076609102,5394586.955782129,1860938.772057816,7866017.034912512,3152148.4358749446,8021551.077357671,1209694.6869908238,6641157.097522924,3684712.107250647,4142726.8486451088,2155626.484862939,8900594.959614512,5143902.347436507,8653274.25238408,1904106.5877864861,9276512.859352348,5174745.140081407,5716660.569598355,2478752.837028829,7014841.575711156,1947611.7880318002,5639309.473133517,2205281.218187012,4730616.02847133,2580067.909324077,7184784.476317782,4715883.338861247,14999851.098609483,1346364.5643391248,18103392.224731956,1292592.0990704352,7957525.435777513,3169111.257604423,6012192.579398747,1429795.3964505736,8116435.045821642,2561001.8968854854,3997959.7783484296,1205133.5697372265,9391428.23620155,1685799.4614105187,7429820.979046628,2459783.783354787,5786818.831454967,7358176.023574407,3274454.60835499,1665824.1031844504,4503717.539809594,4369132.051237926,9587966.19493709,10949306.242427962,32898418.87396468,1176839.0464247558,6238915.972848883,1625885.982835469,5159243.468940319,2915149.8578672227,13056131.202269051,3386033.1002662806,7096751.762309209,2428814.497564485,4736255.031124999,2419258.9774997802,4867270.373713607,5256321.078337984,5746285.0740958005,3329432.7319132304,11395494.591351178,2025622.353572155,6050671.500856159,1353778.0741499676
id0018.id.txt,9450490.93582551,4387052.232840234,5262583.15291328,4499722.6947764205,7338424.149695129,5602561.403094847,17665834.12130185,4618578.6574623585,10174668.267582322,4247921.784359624,3754355.8000765094,3142142.59983648,15635035.324555485,7361030.666299608,3975982.6723414147,5699868.914593813,4961636.918413364,4356668.460567076,0.0,3855195.8033242323,5678271.683233781,3390833.870179854,6766574.58603392,9756609.456042772,3704712.146341922,4697911.431370729,13432555.104390927,8688918.184441717,3672616.1351220636,7674080.012475237,7493249.431587809,5285432.040252373,4446225.8992807,5266041.917114761,6235340.611829366,5687448.867907956,10225262.471253125,6607827.846679392,5094454.849599732,3168513.9559498928,12066311.029176487,7232400.663480524,6904795.329501983,5701572.947203173,7646808.912641811,9724586.17665426,4227781.731573438,5725708.37667945,7884518.598078101,4718361.108652689,7987752.656477286,5557776.317434625,5191374.9708248,5064921.287734369,6830323.1365121715,9401943.541863859,16755281.364458583,3900802.446325901,21526629.90396936,5137416.412063821,4939585.062704271,5396254.979241431,3800595.547940499,4174749.2261106553,9439650.155502163,5263580.847961268,3782016.4899123535,5713999.772976798,9214702.615190312,4568200.743105666,7670110.864252125,6027634.182720019,5365973.966446462,10462081.888534224,2477142.8593791556,4317050.667090454,4424226.857815955,7806749.295666944,5906643.063512804,12614250.129227871,36492590.51378198,5386298.9500617655,4451177.537160999,3031792.5993869635,6474617.590314419,6300574.617604495,10945908.064837955,4555712.398391954,7884954.071967146,7123659.11841237,4516923.81712261,6005280.376102433,4590500.958512013,5482855.176269556,6080589.540993774,5442676.840129686,6640035.065155724,5642633.573359346,4528036.269759543,4575715.318469328
id0019.id.txt,7265115.319267007,1473199.0649764272,3574307.4865034246,1836915.3722032697,7254510.430638222,1920848.9835021968,17264420.495477114,1947155.41958196,8763310.62801454,1769426.336242191,3228333.809524548,1797898.539278775,10451180.883865666,4670485.581962857,5171912.682543869,2941296.9508413593,6354287.981900954,2523977.413929144,3855195.8033242323,0.0,8873319.58251478,2206852.701520673,5456781.197790132,4514462.751770337,3771784.7955810986,1848880.833451293,13816585.28621351,3729982.9819462723,3270743.357821624,3466559.191505057,7778725.051594876,1000067.3017477731,6079342.40337431,1700733.2207084175,6379710.049102488,2383522.840252718,7785680.242716513,4508695.574980923,5156829.394310065,2568990.7693298715,11382517.494680908,3496387.433895959,9088160.98045888,3210834.7756002964,12140535.423227401,4673041.27390326,5689293.251829207,1987032.8323050232,6031030.092627135,1906220.4195019153,6002099.971921797,1380662.7411562745,3418183.689896902,2592070.1715470874,4570885.592693983,4030523.9371933686,16182806.154770156,1867739.8092274875,18771624.282272212,3423334.6542787845,7743810.5385504095,1187438.0760137984,3556083.194074494,2117259.470623271,8799849.180156521,2223743.5314594186,4020565.1676254594,2203037.557140286,8018738.033439084,2158357.296553224,5552558.939722216,1729036.3550012694,5415988.705668527,7025500.924058663,3182767.136186691,1039007.3047728473,4658671.159062076,3794850.910206295,9458667.306087278,10318848.786687337,31097484.32338912,2674950.4931591954,5523663.630655898,1407510.354674764,5267611.231914494,2095850.4895569945,12366304.225457277,3891550.5290908804,8614388.643667497,2460860.5229869997,6308220.584735946,2256232.3403118486,4898546.105323906,5473495.149706711,4054161.342968535,2219858.0899408017,10596049.446020212,1990548.5207069737,4537071.7582551865,2339830.520118425
id0020.id.txt,18321684.849889044,11235160.063714048,4900272.005253157,8703219.136631789,13776711.491589509,8288585.672064813,9907507.51060776,10788464.360260867,14115229.8650928,10651265.855919253,4151956.105060187,7013390.790165636,16460727.271392683,12828111.652919423,5437397.669410728,15019399.178724246,9669951.566917686,10088096.580051465,5678271.683233781,8873319.58251478,0.0,10371375.71076984,15649197.475883365,16168790.422715439,10067449.913930226,9382165.292489836,6756758.397274187,19690923.710083336,5370341.186826239,11492701.574610775,14993706.920302227,10947630.820585767,12035255.81353737,13376284.70484989,9013129.101011027,12157667.17602724,14872567.080730394,17174238.039218497,9637437.436270567,10058035.54483736,18127686.993022066,8163434.388294413,6899913.940455287,12122414.903552009,5934910.280671032,13268299.003628258,9584594.888563957,14310647.18301991,6509849.98726615,13169023.353088103,10246256.438823748,10463390.558680382,10452312.732001204,7214274.28940685,9826515.999074988,18118271.392136805,12321873.25979013,8479968.793456819,15908653.658603033,12019185.425980425,15281199.43878454,9828217.136392757,7999886.288388433,12932249.872372067,6697463.4283181,13529296.066627877,11378041.401988788,11250276.470932627,7537845.355003034,10034492.185527576,6557267.207852464,10270704.597512556,6079293.197700019,24299734.98291436,7138913.291386213,9639347.599155176,9299540.642808598,18914569.38361268,16254825.040064631,27779093.898080412,25613996.021495048,11087365.85430198,4178479.789661463,8944947.554003473,7093686.502922269,9154867.064127138,3530766.761924228,14756980.539548062,5771225.988053802,14060929.026271015,7040987.364139352,14229454.548117237,6290637.730124597,14127949.64763408,5394696.9274248285,8273021.123410114,2998840.9447394335,12177048.282627905,5253858.235232968,8861627.39564099
